{
 "cells": [
  {
   "cell_type": "code",
   "execution_count": 38,
   "id": "58db2177-c383-4c49-8223-b71a52a94a42",
   "metadata": {},
   "outputs": [],
   "source": [
    "import numpy as np\n",
    "import pandas as pd\n",
    "import matplotlib.pyplot as plt\n",
    "import seaborn as sns\n",
    "import sklearn\n",
    "pd.set_option(\"display.max_columns\", None)"
   ]
  },
  {
   "cell_type": "code",
   "execution_count": 39,
   "id": "8248df28-d168-46f7-94b3-81dcae106920",
   "metadata": {},
   "outputs": [
    {
     "data": {
      "text/html": [
       "<div>\n",
       "<style scoped>\n",
       "    .dataframe tbody tr th:only-of-type {\n",
       "        vertical-align: middle;\n",
       "    }\n",
       "\n",
       "    .dataframe tbody tr th {\n",
       "        vertical-align: top;\n",
       "    }\n",
       "\n",
       "    .dataframe thead th {\n",
       "        text-align: right;\n",
       "    }\n",
       "</style>\n",
       "<table border=\"1\" class=\"dataframe\">\n",
       "  <thead>\n",
       "    <tr style=\"text-align: right;\">\n",
       "      <th></th>\n",
       "      <th>tau1</th>\n",
       "      <th>tau2</th>\n",
       "      <th>tau3</th>\n",
       "      <th>tau4</th>\n",
       "      <th>p1</th>\n",
       "      <th>p2</th>\n",
       "      <th>p3</th>\n",
       "      <th>p4</th>\n",
       "      <th>g1</th>\n",
       "      <th>g2</th>\n",
       "      <th>g3</th>\n",
       "      <th>g4</th>\n",
       "      <th>stab</th>\n",
       "      <th>stabf</th>\n",
       "    </tr>\n",
       "  </thead>\n",
       "  <tbody>\n",
       "    <tr>\n",
       "      <th>0</th>\n",
       "      <td>2.959060</td>\n",
       "      <td>3.079885</td>\n",
       "      <td>8.381025</td>\n",
       "      <td>9.780754</td>\n",
       "      <td>3.763085</td>\n",
       "      <td>-0.782604</td>\n",
       "      <td>-1.257395</td>\n",
       "      <td>-1.723086</td>\n",
       "      <td>0.650456</td>\n",
       "      <td>0.859578</td>\n",
       "      <td>0.887445</td>\n",
       "      <td>0.958034</td>\n",
       "      <td>0.055347</td>\n",
       "      <td>unstable</td>\n",
       "    </tr>\n",
       "    <tr>\n",
       "      <th>1</th>\n",
       "      <td>9.304097</td>\n",
       "      <td>4.902524</td>\n",
       "      <td>3.047541</td>\n",
       "      <td>1.369357</td>\n",
       "      <td>5.067812</td>\n",
       "      <td>-1.940058</td>\n",
       "      <td>-1.872742</td>\n",
       "      <td>-1.255012</td>\n",
       "      <td>0.413441</td>\n",
       "      <td>0.862414</td>\n",
       "      <td>0.562139</td>\n",
       "      <td>0.781760</td>\n",
       "      <td>-0.005957</td>\n",
       "      <td>stable</td>\n",
       "    </tr>\n",
       "    <tr>\n",
       "      <th>2</th>\n",
       "      <td>8.971707</td>\n",
       "      <td>8.848428</td>\n",
       "      <td>3.046479</td>\n",
       "      <td>1.214518</td>\n",
       "      <td>3.405158</td>\n",
       "      <td>-1.207456</td>\n",
       "      <td>-1.277210</td>\n",
       "      <td>-0.920492</td>\n",
       "      <td>0.163041</td>\n",
       "      <td>0.766689</td>\n",
       "      <td>0.839444</td>\n",
       "      <td>0.109853</td>\n",
       "      <td>0.003471</td>\n",
       "      <td>unstable</td>\n",
       "    </tr>\n",
       "    <tr>\n",
       "      <th>3</th>\n",
       "      <td>0.716415</td>\n",
       "      <td>7.669600</td>\n",
       "      <td>4.486641</td>\n",
       "      <td>2.340563</td>\n",
       "      <td>3.963791</td>\n",
       "      <td>-1.027473</td>\n",
       "      <td>-1.938944</td>\n",
       "      <td>-0.997374</td>\n",
       "      <td>0.446209</td>\n",
       "      <td>0.976744</td>\n",
       "      <td>0.929381</td>\n",
       "      <td>0.362718</td>\n",
       "      <td>0.028871</td>\n",
       "      <td>unstable</td>\n",
       "    </tr>\n",
       "    <tr>\n",
       "      <th>4</th>\n",
       "      <td>3.134112</td>\n",
       "      <td>7.608772</td>\n",
       "      <td>4.943759</td>\n",
       "      <td>9.857573</td>\n",
       "      <td>3.525811</td>\n",
       "      <td>-1.125531</td>\n",
       "      <td>-1.845975</td>\n",
       "      <td>-0.554305</td>\n",
       "      <td>0.797110</td>\n",
       "      <td>0.455450</td>\n",
       "      <td>0.656947</td>\n",
       "      <td>0.820923</td>\n",
       "      <td>0.049860</td>\n",
       "      <td>unstable</td>\n",
       "    </tr>\n",
       "    <tr>\n",
       "      <th>...</th>\n",
       "      <td>...</td>\n",
       "      <td>...</td>\n",
       "      <td>...</td>\n",
       "      <td>...</td>\n",
       "      <td>...</td>\n",
       "      <td>...</td>\n",
       "      <td>...</td>\n",
       "      <td>...</td>\n",
       "      <td>...</td>\n",
       "      <td>...</td>\n",
       "      <td>...</td>\n",
       "      <td>...</td>\n",
       "      <td>...</td>\n",
       "      <td>...</td>\n",
       "    </tr>\n",
       "    <tr>\n",
       "      <th>9995</th>\n",
       "      <td>2.930406</td>\n",
       "      <td>9.487627</td>\n",
       "      <td>2.376523</td>\n",
       "      <td>6.187797</td>\n",
       "      <td>3.343416</td>\n",
       "      <td>-0.658054</td>\n",
       "      <td>-1.449106</td>\n",
       "      <td>-1.236256</td>\n",
       "      <td>0.601709</td>\n",
       "      <td>0.779642</td>\n",
       "      <td>0.813512</td>\n",
       "      <td>0.608385</td>\n",
       "      <td>0.023892</td>\n",
       "      <td>unstable</td>\n",
       "    </tr>\n",
       "    <tr>\n",
       "      <th>9996</th>\n",
       "      <td>3.392299</td>\n",
       "      <td>1.274827</td>\n",
       "      <td>2.954947</td>\n",
       "      <td>6.894759</td>\n",
       "      <td>4.349512</td>\n",
       "      <td>-1.663661</td>\n",
       "      <td>-0.952437</td>\n",
       "      <td>-1.733414</td>\n",
       "      <td>0.502079</td>\n",
       "      <td>0.567242</td>\n",
       "      <td>0.285880</td>\n",
       "      <td>0.366120</td>\n",
       "      <td>-0.025803</td>\n",
       "      <td>stable</td>\n",
       "    </tr>\n",
       "    <tr>\n",
       "      <th>9997</th>\n",
       "      <td>2.364034</td>\n",
       "      <td>2.842030</td>\n",
       "      <td>8.776391</td>\n",
       "      <td>1.008906</td>\n",
       "      <td>4.299976</td>\n",
       "      <td>-1.380719</td>\n",
       "      <td>-0.943884</td>\n",
       "      <td>-1.975373</td>\n",
       "      <td>0.487838</td>\n",
       "      <td>0.986505</td>\n",
       "      <td>0.149286</td>\n",
       "      <td>0.145984</td>\n",
       "      <td>-0.031810</td>\n",
       "      <td>stable</td>\n",
       "    </tr>\n",
       "    <tr>\n",
       "      <th>9998</th>\n",
       "      <td>9.631511</td>\n",
       "      <td>3.994398</td>\n",
       "      <td>2.757071</td>\n",
       "      <td>7.821347</td>\n",
       "      <td>2.514755</td>\n",
       "      <td>-0.966330</td>\n",
       "      <td>-0.649915</td>\n",
       "      <td>-0.898510</td>\n",
       "      <td>0.365246</td>\n",
       "      <td>0.587558</td>\n",
       "      <td>0.889118</td>\n",
       "      <td>0.818391</td>\n",
       "      <td>0.037789</td>\n",
       "      <td>unstable</td>\n",
       "    </tr>\n",
       "    <tr>\n",
       "      <th>9999</th>\n",
       "      <td>6.530527</td>\n",
       "      <td>6.781790</td>\n",
       "      <td>4.349695</td>\n",
       "      <td>8.673138</td>\n",
       "      <td>3.492807</td>\n",
       "      <td>-1.390285</td>\n",
       "      <td>-1.532193</td>\n",
       "      <td>-0.570329</td>\n",
       "      <td>0.073056</td>\n",
       "      <td>0.505441</td>\n",
       "      <td>0.378761</td>\n",
       "      <td>0.942631</td>\n",
       "      <td>0.045263</td>\n",
       "      <td>unstable</td>\n",
       "    </tr>\n",
       "  </tbody>\n",
       "</table>\n",
       "<p>10000 rows × 14 columns</p>\n",
       "</div>"
      ],
      "text/plain": [
       "          tau1      tau2      tau3      tau4        p1        p2        p3  \\\n",
       "0     2.959060  3.079885  8.381025  9.780754  3.763085 -0.782604 -1.257395   \n",
       "1     9.304097  4.902524  3.047541  1.369357  5.067812 -1.940058 -1.872742   \n",
       "2     8.971707  8.848428  3.046479  1.214518  3.405158 -1.207456 -1.277210   \n",
       "3     0.716415  7.669600  4.486641  2.340563  3.963791 -1.027473 -1.938944   \n",
       "4     3.134112  7.608772  4.943759  9.857573  3.525811 -1.125531 -1.845975   \n",
       "...        ...       ...       ...       ...       ...       ...       ...   \n",
       "9995  2.930406  9.487627  2.376523  6.187797  3.343416 -0.658054 -1.449106   \n",
       "9996  3.392299  1.274827  2.954947  6.894759  4.349512 -1.663661 -0.952437   \n",
       "9997  2.364034  2.842030  8.776391  1.008906  4.299976 -1.380719 -0.943884   \n",
       "9998  9.631511  3.994398  2.757071  7.821347  2.514755 -0.966330 -0.649915   \n",
       "9999  6.530527  6.781790  4.349695  8.673138  3.492807 -1.390285 -1.532193   \n",
       "\n",
       "            p4        g1        g2        g3        g4      stab     stabf  \n",
       "0    -1.723086  0.650456  0.859578  0.887445  0.958034  0.055347  unstable  \n",
       "1    -1.255012  0.413441  0.862414  0.562139  0.781760 -0.005957    stable  \n",
       "2    -0.920492  0.163041  0.766689  0.839444  0.109853  0.003471  unstable  \n",
       "3    -0.997374  0.446209  0.976744  0.929381  0.362718  0.028871  unstable  \n",
       "4    -0.554305  0.797110  0.455450  0.656947  0.820923  0.049860  unstable  \n",
       "...        ...       ...       ...       ...       ...       ...       ...  \n",
       "9995 -1.236256  0.601709  0.779642  0.813512  0.608385  0.023892  unstable  \n",
       "9996 -1.733414  0.502079  0.567242  0.285880  0.366120 -0.025803    stable  \n",
       "9997 -1.975373  0.487838  0.986505  0.149286  0.145984 -0.031810    stable  \n",
       "9998 -0.898510  0.365246  0.587558  0.889118  0.818391  0.037789  unstable  \n",
       "9999 -0.570329  0.073056  0.505441  0.378761  0.942631  0.045263  unstable  \n",
       "\n",
       "[10000 rows x 14 columns]"
      ]
     },
     "execution_count": 39,
     "metadata": {},
     "output_type": "execute_result"
    }
   ],
   "source": [
    "df = pd.read_csv(\"./Data_for_UCI_named.csv\")\n",
    "df"
   ]
  },
  {
   "cell_type": "code",
   "execution_count": 40,
   "id": "de847e5a-2636-448f-b248-4e2cf660e81b",
   "metadata": {},
   "outputs": [
    {
     "data": {
      "text/plain": [
       "(10000, 14)"
      ]
     },
     "execution_count": 40,
     "metadata": {},
     "output_type": "execute_result"
    }
   ],
   "source": [
    "df.shape"
   ]
  },
  {
   "cell_type": "code",
   "execution_count": 41,
   "id": "3689958d-6fc6-49d7-a070-150e21980b04",
   "metadata": {},
   "outputs": [
    {
     "data": {
      "text/html": [
       "<div>\n",
       "<style scoped>\n",
       "    .dataframe tbody tr th:only-of-type {\n",
       "        vertical-align: middle;\n",
       "    }\n",
       "\n",
       "    .dataframe tbody tr th {\n",
       "        vertical-align: top;\n",
       "    }\n",
       "\n",
       "    .dataframe thead th {\n",
       "        text-align: right;\n",
       "    }\n",
       "</style>\n",
       "<table border=\"1\" class=\"dataframe\">\n",
       "  <thead>\n",
       "    <tr style=\"text-align: right;\">\n",
       "      <th></th>\n",
       "      <th>tau1</th>\n",
       "      <th>tau2</th>\n",
       "      <th>tau3</th>\n",
       "      <th>tau4</th>\n",
       "      <th>p1</th>\n",
       "      <th>p2</th>\n",
       "      <th>p3</th>\n",
       "      <th>p4</th>\n",
       "      <th>g1</th>\n",
       "      <th>g2</th>\n",
       "      <th>g3</th>\n",
       "      <th>g4</th>\n",
       "      <th>stab</th>\n",
       "    </tr>\n",
       "  </thead>\n",
       "  <tbody>\n",
       "    <tr>\n",
       "      <th>tau1</th>\n",
       "      <td>1.000000</td>\n",
       "      <td>0.015586</td>\n",
       "      <td>-0.005970</td>\n",
       "      <td>-0.017265</td>\n",
       "      <td>0.027183</td>\n",
       "      <td>-0.015485</td>\n",
       "      <td>-0.015924</td>\n",
       "      <td>-0.015807</td>\n",
       "      <td>0.010521</td>\n",
       "      <td>0.015350</td>\n",
       "      <td>-0.001279</td>\n",
       "      <td>0.005494</td>\n",
       "      <td>0.275761</td>\n",
       "    </tr>\n",
       "    <tr>\n",
       "      <th>tau2</th>\n",
       "      <td>0.015586</td>\n",
       "      <td>1.000000</td>\n",
       "      <td>0.014273</td>\n",
       "      <td>-0.001965</td>\n",
       "      <td>-0.004769</td>\n",
       "      <td>0.006573</td>\n",
       "      <td>0.007673</td>\n",
       "      <td>-0.005963</td>\n",
       "      <td>-0.001742</td>\n",
       "      <td>0.015383</td>\n",
       "      <td>0.016508</td>\n",
       "      <td>-0.011764</td>\n",
       "      <td>0.290975</td>\n",
       "    </tr>\n",
       "    <tr>\n",
       "      <th>tau3</th>\n",
       "      <td>-0.005970</td>\n",
       "      <td>0.014273</td>\n",
       "      <td>1.000000</td>\n",
       "      <td>0.004354</td>\n",
       "      <td>0.016953</td>\n",
       "      <td>-0.003134</td>\n",
       "      <td>-0.008780</td>\n",
       "      <td>-0.017531</td>\n",
       "      <td>-0.011605</td>\n",
       "      <td>0.007671</td>\n",
       "      <td>0.014702</td>\n",
       "      <td>-0.011497</td>\n",
       "      <td>0.280700</td>\n",
       "    </tr>\n",
       "    <tr>\n",
       "      <th>tau4</th>\n",
       "      <td>-0.017265</td>\n",
       "      <td>-0.001965</td>\n",
       "      <td>0.004354</td>\n",
       "      <td>1.000000</td>\n",
       "      <td>-0.003173</td>\n",
       "      <td>0.010553</td>\n",
       "      <td>0.006169</td>\n",
       "      <td>-0.011211</td>\n",
       "      <td>-0.004149</td>\n",
       "      <td>0.008431</td>\n",
       "      <td>0.003260</td>\n",
       "      <td>-0.000491</td>\n",
       "      <td>0.278576</td>\n",
       "    </tr>\n",
       "    <tr>\n",
       "      <th>p1</th>\n",
       "      <td>0.027183</td>\n",
       "      <td>-0.004769</td>\n",
       "      <td>0.016953</td>\n",
       "      <td>-0.003173</td>\n",
       "      <td>1.000000</td>\n",
       "      <td>-0.573157</td>\n",
       "      <td>-0.584554</td>\n",
       "      <td>-0.579239</td>\n",
       "      <td>0.000721</td>\n",
       "      <td>0.015405</td>\n",
       "      <td>0.001069</td>\n",
       "      <td>-0.015451</td>\n",
       "      <td>0.010278</td>\n",
       "    </tr>\n",
       "    <tr>\n",
       "      <th>p2</th>\n",
       "      <td>-0.015485</td>\n",
       "      <td>0.006573</td>\n",
       "      <td>-0.003134</td>\n",
       "      <td>0.010553</td>\n",
       "      <td>-0.573157</td>\n",
       "      <td>1.000000</td>\n",
       "      <td>0.002388</td>\n",
       "      <td>-0.006844</td>\n",
       "      <td>0.015603</td>\n",
       "      <td>-0.018032</td>\n",
       "      <td>0.007555</td>\n",
       "      <td>0.019817</td>\n",
       "      <td>0.006255</td>\n",
       "    </tr>\n",
       "    <tr>\n",
       "      <th>p3</th>\n",
       "      <td>-0.015924</td>\n",
       "      <td>0.007673</td>\n",
       "      <td>-0.008780</td>\n",
       "      <td>0.006169</td>\n",
       "      <td>-0.584554</td>\n",
       "      <td>0.002388</td>\n",
       "      <td>1.000000</td>\n",
       "      <td>0.012953</td>\n",
       "      <td>-0.003219</td>\n",
       "      <td>-0.011575</td>\n",
       "      <td>-0.005897</td>\n",
       "      <td>-0.010485</td>\n",
       "      <td>-0.003321</td>\n",
       "    </tr>\n",
       "    <tr>\n",
       "      <th>p4</th>\n",
       "      <td>-0.015807</td>\n",
       "      <td>-0.005963</td>\n",
       "      <td>-0.017531</td>\n",
       "      <td>-0.011211</td>\n",
       "      <td>-0.579239</td>\n",
       "      <td>-0.006844</td>\n",
       "      <td>0.012953</td>\n",
       "      <td>1.000000</td>\n",
       "      <td>-0.013636</td>\n",
       "      <td>0.002850</td>\n",
       "      <td>-0.003515</td>\n",
       "      <td>0.017505</td>\n",
       "      <td>-0.020786</td>\n",
       "    </tr>\n",
       "    <tr>\n",
       "      <th>g1</th>\n",
       "      <td>0.010521</td>\n",
       "      <td>-0.001742</td>\n",
       "      <td>-0.011605</td>\n",
       "      <td>-0.004149</td>\n",
       "      <td>0.000721</td>\n",
       "      <td>0.015603</td>\n",
       "      <td>-0.003219</td>\n",
       "      <td>-0.013636</td>\n",
       "      <td>1.000000</td>\n",
       "      <td>0.007559</td>\n",
       "      <td>-0.005836</td>\n",
       "      <td>0.012431</td>\n",
       "      <td>0.282774</td>\n",
       "    </tr>\n",
       "    <tr>\n",
       "      <th>g2</th>\n",
       "      <td>0.015350</td>\n",
       "      <td>0.015383</td>\n",
       "      <td>0.007671</td>\n",
       "      <td>0.008431</td>\n",
       "      <td>0.015405</td>\n",
       "      <td>-0.018032</td>\n",
       "      <td>-0.011575</td>\n",
       "      <td>0.002850</td>\n",
       "      <td>0.007559</td>\n",
       "      <td>1.000000</td>\n",
       "      <td>-0.012809</td>\n",
       "      <td>-0.014909</td>\n",
       "      <td>0.293601</td>\n",
       "    </tr>\n",
       "    <tr>\n",
       "      <th>g3</th>\n",
       "      <td>-0.001279</td>\n",
       "      <td>0.016508</td>\n",
       "      <td>0.014702</td>\n",
       "      <td>0.003260</td>\n",
       "      <td>0.001069</td>\n",
       "      <td>0.007555</td>\n",
       "      <td>-0.005897</td>\n",
       "      <td>-0.003515</td>\n",
       "      <td>-0.005836</td>\n",
       "      <td>-0.012809</td>\n",
       "      <td>1.000000</td>\n",
       "      <td>0.006900</td>\n",
       "      <td>0.308235</td>\n",
       "    </tr>\n",
       "    <tr>\n",
       "      <th>g4</th>\n",
       "      <td>0.005494</td>\n",
       "      <td>-0.011764</td>\n",
       "      <td>-0.011497</td>\n",
       "      <td>-0.000491</td>\n",
       "      <td>-0.015451</td>\n",
       "      <td>0.019817</td>\n",
       "      <td>-0.010485</td>\n",
       "      <td>0.017505</td>\n",
       "      <td>0.012431</td>\n",
       "      <td>-0.014909</td>\n",
       "      <td>0.006900</td>\n",
       "      <td>1.000000</td>\n",
       "      <td>0.279214</td>\n",
       "    </tr>\n",
       "    <tr>\n",
       "      <th>stab</th>\n",
       "      <td>0.275761</td>\n",
       "      <td>0.290975</td>\n",
       "      <td>0.280700</td>\n",
       "      <td>0.278576</td>\n",
       "      <td>0.010278</td>\n",
       "      <td>0.006255</td>\n",
       "      <td>-0.003321</td>\n",
       "      <td>-0.020786</td>\n",
       "      <td>0.282774</td>\n",
       "      <td>0.293601</td>\n",
       "      <td>0.308235</td>\n",
       "      <td>0.279214</td>\n",
       "      <td>1.000000</td>\n",
       "    </tr>\n",
       "  </tbody>\n",
       "</table>\n",
       "</div>"
      ],
      "text/plain": [
       "          tau1      tau2      tau3      tau4        p1        p2        p3  \\\n",
       "tau1  1.000000  0.015586 -0.005970 -0.017265  0.027183 -0.015485 -0.015924   \n",
       "tau2  0.015586  1.000000  0.014273 -0.001965 -0.004769  0.006573  0.007673   \n",
       "tau3 -0.005970  0.014273  1.000000  0.004354  0.016953 -0.003134 -0.008780   \n",
       "tau4 -0.017265 -0.001965  0.004354  1.000000 -0.003173  0.010553  0.006169   \n",
       "p1    0.027183 -0.004769  0.016953 -0.003173  1.000000 -0.573157 -0.584554   \n",
       "p2   -0.015485  0.006573 -0.003134  0.010553 -0.573157  1.000000  0.002388   \n",
       "p3   -0.015924  0.007673 -0.008780  0.006169 -0.584554  0.002388  1.000000   \n",
       "p4   -0.015807 -0.005963 -0.017531 -0.011211 -0.579239 -0.006844  0.012953   \n",
       "g1    0.010521 -0.001742 -0.011605 -0.004149  0.000721  0.015603 -0.003219   \n",
       "g2    0.015350  0.015383  0.007671  0.008431  0.015405 -0.018032 -0.011575   \n",
       "g3   -0.001279  0.016508  0.014702  0.003260  0.001069  0.007555 -0.005897   \n",
       "g4    0.005494 -0.011764 -0.011497 -0.000491 -0.015451  0.019817 -0.010485   \n",
       "stab  0.275761  0.290975  0.280700  0.278576  0.010278  0.006255 -0.003321   \n",
       "\n",
       "            p4        g1        g2        g3        g4      stab  \n",
       "tau1 -0.015807  0.010521  0.015350 -0.001279  0.005494  0.275761  \n",
       "tau2 -0.005963 -0.001742  0.015383  0.016508 -0.011764  0.290975  \n",
       "tau3 -0.017531 -0.011605  0.007671  0.014702 -0.011497  0.280700  \n",
       "tau4 -0.011211 -0.004149  0.008431  0.003260 -0.000491  0.278576  \n",
       "p1   -0.579239  0.000721  0.015405  0.001069 -0.015451  0.010278  \n",
       "p2   -0.006844  0.015603 -0.018032  0.007555  0.019817  0.006255  \n",
       "p3    0.012953 -0.003219 -0.011575 -0.005897 -0.010485 -0.003321  \n",
       "p4    1.000000 -0.013636  0.002850 -0.003515  0.017505 -0.020786  \n",
       "g1   -0.013636  1.000000  0.007559 -0.005836  0.012431  0.282774  \n",
       "g2    0.002850  0.007559  1.000000 -0.012809 -0.014909  0.293601  \n",
       "g3   -0.003515 -0.005836 -0.012809  1.000000  0.006900  0.308235  \n",
       "g4    0.017505  0.012431 -0.014909  0.006900  1.000000  0.279214  \n",
       "stab -0.020786  0.282774  0.293601  0.308235  0.279214  1.000000  "
      ]
     },
     "execution_count": 41,
     "metadata": {},
     "output_type": "execute_result"
    }
   ],
   "source": [
    "df.corr()"
   ]
  },
  {
   "cell_type": "code",
   "execution_count": 42,
   "id": "1f040179-d373-47a1-8810-92d71b2fc368",
   "metadata": {},
   "outputs": [
    {
     "data": {
      "text/plain": [
       "<AxesSubplot:>"
      ]
     },
     "execution_count": 42,
     "metadata": {},
     "output_type": "execute_result"
    },
    {
     "data": {
